Item	Source	FieldID	ObjID	Area	EqDiameter
1	2n_1.tif	1	1	115.66	12.14
2	2n_1.tif	1	2	84.71	10.39
3	2n_1.tif	1	3	87.43	10.55
4	2n_1.tif	1	4	79.03	10.03
5	2n_1.tif	1	6	97.07	11.12
6	2n_1.tif	1	7	101.32	11.36
7	2n_1.tif	1	8	84.9	10.4
8	2n_1.tif	1	9	96.04	11.06
9	2n_1.tif	1	10	89.33	10.66
10	2n_1.tif	1	11	78.35	9.99
11	2n_1.tif	1	12	105.6	11.6
12	2n_1.tif	1	13	83.44	10.31
13	2n_1.tif	1	14	99.53	11.26
14	2n_1.tif	1	15	113.97	12.05
15	2n_1.tif	1	16	90.02	10.71
16	2n_1.tif	1	17	100	11.28
17	2n_1.tif	1	18	105.41	11.59
18	2n_1.tif	1	19	80.7	10.14
19	2n_1.tif	1	20	86.48	10.49
20	2n_1.tif	1	21	92.18	10.83
21	2n_1.tif	1	22	93.45	10.91
22	2n_1.tif	1	23	90.31	10.72
23	2n_1.tif	1	25	96.99	11.11
24	2n_1.tif	1	26	96.94	11.11
25	2n_1.tif	1	27	83.92	10.34
26	2n_1.tif	1	28	94.69	10.98
27	2n_1.tif	1	30	94.22	10.95
28	2n_1.tif	1	32	90.44	10.73
29	2n_1.tif	1	33	109.48	11.81
30	2n_1.tif	1	34	96.28	11.07
31	2n_1.tif	1	35	79.93	10.09
32	2n_1.tif	1	36	108.56	11.76
33	2n_1.tif	1	37	114.39	12.07
34	2n_1.tif	1	38	105.86	11.61
35	2n_1.tif	1	39	86.16	10.47
36	2n_1.tif	1	40	115.77	12.14
37	2n_1.tif	1	41	135.91	13.15
38	2n_1.tif	1	42	127.99	12.77
39	2n_1.tif	1	43	87.43	10.55
40	2n_1.tif	1	44	90.84	10.75
41	2n_1.tif	1	45	108.16	11.74
42	2n_1.tif	1	46	80.43	10.12
43	2n_1.tif	1	47	98.15	11.18
44	2n_1.tif	1	48	91.52	10.8
45	2n_1.tif	1	49	90.86	10.76
46	2n_1.tif	1	51	91.34	10.78
47	2n_1.tif	1	52	106.87	11.66
48	2n_1.tif	1	53	120.44	12.38
49	2n_1.tif	1	54	94.9	10.99
50	2n_1.tif	1	55	80.46	10.12
51	2n_1.tif	1	56	115.26	12.11
52	2n_1.tif	1	57	132.11	12.97
53	2n_1.tif	1	58	98.39	11.19
54	2n_1.tif	1	59	115.74	12.14
55	2n_1.tif	1	60	86.27	10.48
56	2n_1.tif	1	61	82.99	10.28
57	2n_1.tif	1	62	78.74	10.01
58	2n_1.tif	1	64	92.98	10.88
59	2n_1.tif	1	65	131.58	12.94
60	2n_1.tif	1	66	94.09	10.95
61	2n_1.tif	1	67	90.6	10.74
62	2n_1.tif	1	68	92.21	10.84
63	2n_1.tif	1	69	104.28	11.52
64	2n_1.tif	1	70	95.22	11.01
1	2n_2.tif	1	1	97.12	11.12
2	2n_2.tif	1	2	87.72	10.57
3	2n_2.tif	1	3	67.12	9.24
4	2n_2.tif	1	5	116.87	12.2
5	2n_2.tif	1	6	94.01	10.94
6	2n_2.tif	1	7	72.59	9.61
7	2n_2.tif	1	8	71.8	9.56
8	2n_2.tif	1	9	86.82	10.51
9	2n_2.tif	1	11	77.58	9.94
10	2n_2.tif	1	12	65.36	9.12
11	2n_2.tif	1	13	132.96	13.01
12	2n_2.tif	1	14	65.7	9.15
13	2n_2.tif	1	18	115.53	12.13
14	2n_2.tif	1	19	123.42	12.54
15	2n_2.tif	1	20	86.77	10.51
16	2n_2.tif	1	21	68.6	9.35
17	2n_2.tif	1	22	84.34	10.36
18	2n_2.tif	1	24	92.29	10.84
19	2n_2.tif	1	25	76.16	9.85
20	2n_2.tif	1	26	71.16	9.52
21	2n_2.tif	1	27	82.41	10.24
22	2n_2.tif	1	28	66.54	9.2
23	2n_2.tif	1	29	93.5	10.91
24	2n_2.tif	1	31	86.03	10.47
25	2n_2.tif	1	32	98.65	11.21
26	2n_2.tif	1	33	67.34	9.26
27	2n_2.tif	1	34	83.36	10.3
28	2n_2.tif	1	35	126.01	12.67
29	2n_2.tif	1	37	104.7	11.55
30	2n_2.tif	1	38	91.55	10.8
31	2n_2.tif	1	39	102.54	11.43
32	2n_2.tif	1	40	69.92	9.44
33	2n_2.tif	1	41	74.02	9.71
34	2n_2.tif	1	42	81.6	10.19
35	2n_2.tif	1	43	108.77	11.77
36	2n_2.tif	1	44	108.98	11.78
37	2n_2.tif	1	46	80.75	10.14
38	2n_2.tif	1	47	99.18	11.24
39	2n_2.tif	1	49	95.3	11.02
40	2n_2.tif	1	50	87.27	10.54
41	2n_2.tif	1	51	88.65	10.62
42	2n_2.tif	1	52	94.14	10.95
43	2n_2.tif	1	53	102.51	11.42
44	2n_2.tif	1	55	77.13	9.91
45	2n_2.tif	1	56	77.74	9.95
46	2n_2.tif	1	57	75.36	9.8
47	2n_2.tif	1	58	69.61	9.41
48	2n_2.tif	1	59	83.15	10.29
49	2n_2.tif	1	60	91.74	10.81
50	2n_2.tif	1	61	149.54	13.8
51	2n_2.tif	1	62	94.72	10.98
52	2n_2.tif	1	64	83.26	10.3
53	2n_2.tif	1	65	67.81	9.29
54	2n_2.tif	1	67	80.14	10.1
55	2n_2.tif	1	68	74.12	9.71
56	2n_2.tif	1	70	126.01	12.67
57	2n_2.tif	1	71	93.03	10.88
58	2n_2.tif	1	72	79.51	10.06
59	2n_2.tif	1	73	123.11	12.52
60	2n_2.tif	1	74	121.15	12.42
61	2n_2.tif	1	75	105.49	11.59
62	2n_2.tif	1	76	79.06	10.03
63	2n_2.tif	1	77	77.4	9.93
64	2n_2.tif	1	78	87.25	10.54
65	2n_2.tif	1	79	80.94	10.15
66	2n_2.tif	1	80	113.55	12.02
67	2n_2.tif	1	81	94.93	10.99
68	2n_2.tif	1	82	73.78	9.69
69	2n_2.tif	1	84	133.06	13.02
70	2n_2.tif	1	85	105.55	11.59
71	2n_2.tif	1	86	68.5	9.34
72	2n_2.tif	1	87	79.61	10.07
73	2n_2.tif	1	88	122.45	12.49
74	2n_2.tif	1	90	81.07	10.16
75	2n_2.tif	1	91	72.17	9.59
76	2n_2.tif	1	92	109.01	11.78
77	2n_2.tif	1	93	103.64	11.49
78	2n_2.tif	1	94	87.93	10.58
79	2n_2.tif	1	95	84.63	10.38
